FirstPersonCam

SVLAMD
			SexCoitus
			cam_pos									cam_target								rotation	angle		min_rotation	max_rotation	min_angle	max_angle
Bed			2358.030762 -1132.863403 1050.875610	2359.010498 -1132.822632 1051.072021	-0.885		275.0		-1.06			-0.75			245.0		300.0
Sofa		2374.843506 -1123.512085 1051.375488	2373.873535 -1123.518555 1051.132690	-1.12		91.87		-1.39			-0.98			58.0		125.0
Table		2372.027587 -1132.840576 1051.573439	2371.727294 -1132.847900 1050.621382	-2.17		92.0		-5.0			-1.3			40.0		140.0
Sitdown		0.0 0.0 0.0								0.0 0.0 0.0								0.0			0.0			0.0				0.0				0.0			0.0
Floor		2373.076172 -1126.029785 1051.475464	2373.399658 -1126.038818 1050.529297	-2.28		272.0		-2.7			-1.3			208.0		328.0
Bath		0.0 0.0 0.0								0.0 0.0 0.0								0.0			0.0			0.0				0.0				0.0			0.0
Kitchen		2373.919922 -1131.595703 1051.682983	2374.739014 -1131.590210 1051.109375	-1.12		272.0		-1.85			-1.0			240.0		300.0
Wall		2369.943359 -1129.149048 1051.583008	2369.067139 -1129.154907 1051.101074	-1.2		90.0		-1.7			-1.1			60.0		120.0
Foot		0.0 0.0 0.0								0.0 0.0 0.0								0.0			0.0			0.0				0.0				0.0			0.0

			Blowjob
			cam_pos									cam_target								rotation	angle		min_rotation	max_rotation	min_angle	max_angle
Bed			2361.426270 -1122.499268 1050.875610	2362.423584 -1122.499268 1050.950439	-0.85		270.0		-0.92			-0.64			245.0		295.0
Sofa		2374.802979 -1123.241455 1051.275513	2374.391602 -1123.518921 1050.407227	-1.68		90.0		-2.0			-1.32			60.0		120.0
Table		0.0 0.0 0.0								0.0 0.0 0.0								0.0			0.0			0.0				0.0				0.0			0.0
Sitdown		2359.497803 -1132.797852 1051.375488	2360.186523 -1132.759155 1050.651489	-1.42		270.0		-1.8			-1.2			240.0		300.0
Floor		2374.467529 -1123.176392 1051.975342	2374.461670 -1123.606445 1051.072510	-1.92		180.0		-2.2			-1.35			140.0		220.0
Bath		0.0 0.0 0.0								0.0 0.0 0.0								0.0			0.0			0.0				0.0				0.0			0.0
Kitchen		2374.285889 -1131.329224 1051.775391	2372.693604 -1125.855713 1051.345581	-1.9		90.0		-2.7			-1.5			55.0		125.0
Wall		0.0 0.0 0.0								0.0 0.0 0.0								0.0			0.0			0.0				0.0				0.0			0.0
Foot		2372.681152 -1125.007690 1051.875366	2372.661377 -1125.376953 1050.917725	-2.0		180.0		-2.5			-1.76			150.0		210.0

			ReverseSex
			cam_pos									cam_target								rotation	angle		min_rotation	max_rotation	min_angle	max_angle
Bed			2358.014160 -1132.857544 1050.775635	2358.971924 -1132.851074 1051.063354	-0.82		270.0		-0.9			-0.68			245.0		295.0
Sofa		2372.532959 -1121.391113 1051.383057	2372.562256 -1122.311035 1050.992188	-1.125		180.0		-1.35			-1.04			160.0		210.0
Table		2372.608154 -1132.990723 1051.675415	2372.060059 -1133.007813 1050.839233	-1.68		90.0		-2.0			-1.2			55.0		125.0
Sitdown		0.0 0.0 0.0								0.0 0.0 0.0								0.0			0.0			0.0				0.0				0.0			0.0
Floor		2372.690918 -1126.013550 1051.283081	2372.594238 -1126.014893 1050.287720	-2.7		90.0		-4.0			-1.6			60.0		120.0
Bath		2362.470703 -1122.248413 1051.875366	2362.773193 -1122.249512 1050.922241	-1.9		270.0		-2.8			-1.3			240.0		300.0
Kitchen		0.0 0.0 0.0								0.0 0.0 0.0								0.0			0.0			0.0				0.0				0.0			0.0
Wall		2370.231934 -1128.780396 1051.675415	2369.524902 -1128.789917 1050.968384	-1.45		90.0		-1.8			-1.3			60.0		120.0
Foot		0.0 0.0 0.0								0.0 0.0 0.0								0.0			0.0			0.0				0.0				0.0			0.0

			Handjob
			cam_pos									cam_target								rotation	angle		min_rotation	max_rotation	min_angle	max_angle
Bed			2361.075928 -1122.571289 1051.183105	2362.064209 -1122.536865 1051.034668	-1.02		270.0		-1.15			-0.9			240.0		300.0
Sofa		2372.268066 -1121.426758 1051.175537	2372.236084 -1122.274170 1050.645508	-1.26		180.0		-1.4			-1.02			150.0		210.0
Table		0.0 0.0 0.0								0.0 0.0 0.0								0.0			0.0			0.0				0.0				0.0			0.0
Sitdown		0.0 0.0 0.0								0.0 0.0 0.0								0.0			0.0			0.0				0.0				0.0			0.0
Floor		0.0 0.0 0.0								0.0 0.0 0.0								0.0			0.0			0.0				0.0				0.0			0.0
Bath		0.0 0.0 0.0								0.0 0.0 0.0								0.0			0.0			0.0				0.0				0.0			0.0
Kitchen		0.0 0.0 0.0								0.0 0.0 0.0								0.0			0.0			0.0				0.0				0.0			0.0
Wall		0.0 0.0 0.0								0.0 0.0 0.0								0.0			0.0			0.0				0.0				0.0			0.0
Foot		2372.711426 -1122.291626 1051.782959	2372.711670 -1122.146118 1050.793579	-2.20		0.0			-2.8			-1.45			-25.0		25.0

			Cunnilingus
			cam_pos									cam_target								rotation	angle		min_rotation	max_rotation	min_angle	max_angle
Bed			0.0 0.0 0.0								0.0 0.0 0.0								0.0			0.0			0.0				0.0				0.0			0.0
Sofa		0.0 0.0 0.0								0.0 0.0 0.0								0.0			0.0			0.0				0.0				0.0			0.0
Table		0.0 0.0 0.0								0.0 0.0 0.0								0.0			0.0			0.0				0.0				0.0			0.0
Sitdown		0.0 0.0 0.0								0.0 0.0 0.0								0.0			0.0			0.0				0.0				0.0			0.0
Floor		2372.750244 -1126.475342 1050.383301	2371.786133 -1126.491821 1050.117920	-1.25		90.0		-1.37			-1.05			75.0		105.0
Bath		0.0 0.0 0.0								0.0 0.0 0.0								0.0			0.0			0.0				0.0				0.0			0.0
Kitchen		0.0 0.0 0.0								0.0 0.0 0.0								0.0			0.0			0.0				0.0				0.0			0.0
Wall		0.0 0.0 0.0								0.0 0.0 0.0								0.0			0.0			0.0				0.0				0.0			0.0
Foot		0.0 0.0 0.0								0.0 0.0 0.0								0.0			0.0			0.0				0.0				0.0			0.0

			Oral69
			cam_pos									cam_target								rotation	angle		min_rotation	max_rotation	min_angle	max_angle
Bed			0.0 0.0 0.0								0.0 0.0 0.0								0.0			0.0			0.0				0.0				0.0			0.0
Sofa		0.0 0.0 0.0								0.0 0.0 0.0								0.0			0.0			0.0				0.0				0.0			0.0
Table		0.0 0.0 0.0								0.0 0.0 0.0								0.0			0.0			0.0				0.0				0.0			0.0
Sitdown		0.0 0.0 0.0								0.0 0.0 0.0								0.0			0.0			0.0				0.0				0.0			0.0
Floor		0.0 0.0 0.0								0.0 0.0 0.0								0.0			0.0			0.0				0.0				0.0			0.0
Bath		0.0 0.0 0.0								0.0 0.0 0.0								0.0			0.0			0.0				0.0				0.0			0.0
Kitchen		0.0 0.0 0.0								0.0 0.0 0.0								0.0			0.0			0.0				0.0				0.0			0.0
Wall		0.0 0.0 0.0								0.0 0.0 0.0								0.0			0.0			0.0				0.0				0.0			0.0
Foot		0.0 0.0 0.0								0.0 0.0 0.0								0.0			0.0			0.0				0.0				0.0			0.0

			Titjob
			cam_pos									cam_target								rotation	angle		min_rotation	max_rotation	min_angle	max_angle
Bed			0.0 0.0 0.0								0.0 0.0 0.0								0.0			0.0			0.0				0.0				0.0			0.0
Sofa		0.0 0.0 0.0								0.0 0.0 0.0								0.0			0.0			0.0				0.0				0.0			0.0
Table		0.0 0.0 0.0								0.0 0.0 0.0								0.0			0.0			0.0				0.0				0.0			0.0
Sitdown		2362.908691 -1122.515747 1051.175537	2363.905762 -1122.528564 1051.100708	-1.14		270.0		-1.3			-0.98			240.0		300.0
Floor		0.0 0.0 0.0								0.0 0.0 0.0								0.0			0.0			0.0				0.0				0.0			0.0
Bath		0.0 0.0 0.0								0.0 0.0 0.0								0.0			0.0			0.0				0.0				0.0			0.0
Kitchen		0.0 0.0 0.0								0.0 0.0 0.0								0.0			0.0			0.0				0.0				0.0			0.0
Wall		0.0 0.0 0.0								0.0 0.0 0.0								0.0			0.0			0.0				0.0				0.0			0.0
Foot		0.0 0.0 0.0								0.0 0.0 0.0								0.0			0.0			0.0				0.0				0.0			0.0

			Footjob
			cam_pos									cam_target								rotation	angle		min_rotation	max_rotation	min_angle	max_angle
Bed			0.0 0.0 0.0								0.0 0.0 0.0								0.0			0.0			0.0				0.0				0.0			0.0
Sofa		2373.126221 -1121.527222 1051.275513	2372.339600 -1121.844360 1050.745605	-1.34		115.0		-1.63			-1.13			100.0		180.0
Table		0.0 0.0 0.0								0.0 0.0 0.0								0.0			0.0			0.0				0.0				0.0			0.0
Sitdown		0.0 0.0 0.0								0.0 0.0 0.0								0.0			0.0			0.0				0.0				0.0			0.0
Floor		0.0 0.0 0.0								0.0 0.0 0.0								0.0			0.0			0.0				0.0				0.0			0.0
Bath		0.0 0.0 0.0								0.0 0.0 0.0								0.0			0.0			0.0				0.0				0.0			0.0
Kitchen		0.0 0.0 0.0								0.0 0.0 0.0								0.0			0.0			0.0				0.0				0.0			0.0
Wall		0.0 0.0 0.0								0.0 0.0 0.0								0.0			0.0			0.0				0.0				0.0			0.0
Foot		0.0 0.0 0.0								0.0 0.0 0.0								0.0			0.0			0.0				0.0				0.0			0.0

			Generic
			cam_pos									cam_target								rotation	angle		min_rotation	max_rotation	min_angle	max_angle
Bed			
Sofa		
Table		
Sitdown		
Floor		
Bath		
Kitchen		
Wall		
Foot		


CenterCoordinates

SVLAMD

			SexCoitus											Blowjob
Bed			2358.99			-1132.7687		1050.579			2362.2092		-1122.4932		1050.3805
Sofa		2374.2893		-1123.5206		1050.381			2374.5054		-1123.332		1050.0811
Table		2371.7969		-1132.8502		1050.4785			0.0				0.0				0.0	
Sitdown		0.0				0.0				0.0					2359.7014		-1132.7325		1050.2815
Floor		2373.4448		-1126.0282		1049.8816			2374.4753		-1123.4691		1050.5
Bath		0.0				0.0				0.0					0.0				0.0				0.0	
Kitchen		2374.1855		-1131.6512		1050.9828			2373.8			-1131.4			1050.4
Wall		2369.8174		-1129.0562		1050.4834			0.0				0.0				0.0	
Foot		0.0				0.0				0.0					2372.6848		-1125.203		1050.875

			ReverseSex											Handjob
Bed			2359.1401		-1132.9093		1050.577			2361.9197		-1122.5356		1050.4824
Sofa		2372.5667		-1121.9469		1050.1776			2372.2788		-1121.979		1050.083
Table		2372.2219		-1132.9757		1050.4785			0.0				0.0				0.0
Sitdown		0.0				0.0				0.0					0.0				0.0				0.0
Floor		2372.5811		-1125.9805		1049.8792			0.0				0.0				0.0
Bath		2362.7004		-1122.2124		1050.4795			0.0				0.0				0.0
Kitchen		0.0				0.0				0.0					0.0				0.0				0.0
Wall		2369.8132		-1128.7932		1050.4814			0.0				0.0				0.0
Foot		0.0				0.0				0.0					2372.6919		-1122.257		1050.2834

			Cunnilingus											Oral69
Bed			0.0				0.0				0.0					0.0				0.0				0.0
Sofa		2374.3625		-1123.5858		1050.1796			2370.5925		-1123.4781		1050.084
Table		0.0				0.0				0.0					0.0				0.0				0.0
Sitdown		0.0				0.0				0.0					0.0				0.0				0.0
Floor		2372.3486		-1126.4558		1049.6802			0.0				0.0				0.0
Bath		0.0				0.0				0.0					0.0				0.0				0.0
Kitchen		0.0				0.0				0.0					0.0				0.0				0.0
Wall		0.0				0.0				0.0					0.0				0.0				0.0
Foot		0.0				0.0				0.0					0.0				0.0				0.0

			Titjob												Footjob
Bed			0.0				0.0				0.0					0.0				0.0				0.0
Sofa		0.0				0.0				0.0					2372.6287		-1121.7363		1050.3785
Table		0.0				0.0				0.0					0.0				0.0				0.0
Sitdown		2363.5767		-1122.5115		1050.577			0.0				0.0				0.0
Floor		0.0				0.0				0.0					0.0				0.0				0.0
Bath		0.0				0.0				0.0					0.0				0.0				0.0
Kitchen		0.0				0.0				0.0					0.0				0.0				0.0
Wall		0.0				0.0				0.0					0.0				0.0				0.0
Foot		0.0				0.0				0.0					0.0				0.0				0.0

			Generic
Bed			
Sofa		
Table		
Sitdown		
Floor		
Bath		
Kitchen		
Wall		
Foot		

FixedCameras

SVLAMD

SexCoitus

	Bed			
	cam_pos									cam_target
	2357.682861 -1133.476929 1051.475464	2358.473389 -1132.975220 1051.124268	//Camera2
	2360.231445 -1131.015503 1052.375244	2359.804199 -1131.634766 1051.716431	//Camera4
	2357.401367 -1131.746582 1052.575195	2357.997070 -1132.127686 1051.868164	//Camera5
	2358.378174 -1132.606567 1052.775146	2358.520508 -1132.720215 1051.791870	//Camera6
	2358.152344 -1133.713013 1050.675659	2358.763916 -1132.946533 1050.871948	//Camera7
	2359.744141 -1133.418091 1050.675659	2358.995850 -1132.882202 1051.066650	//Camera8
	2359.761475 -1132.094116 1050.675659	2359.066650 -1132.684814 1051.085938	//Camera9
	2357.810059 -1132.233276 1050.675659	2358.605225 -1132.742065 1051.005737	//Camera10
	2358.326172 -1133.163818 1051.975342	2358.652100 -1132.796753 1051.104126	//Camera11
	2358.593262 -1132.255737 1051.975342	2358.885742 -1132.734497 1051.147583	//Camera12
	2358.730225 -1132.174316 1051.575439	2358.938965 -1132.986328 1051.030518	//Camera13
	2359.180420 -1133.323242 1051.975342	2358.956299 -1132.909302 1051.093018	//Camera15

	Sofa		
	cam_pos									cam_target
	2375.086914 -1122.971802 1051.075562	2374.397461 -1123.696045 1051.075562	//Camera2
	2373.750732 -1124.030029 1051.075562	2374.447510 -1123.323608 1051.199707	//Camera4
	2374.500732 -1124.809692 1051.075562	2374.459473 -1123.815552 1050.975952	//Camera5
	2373.691895 -1122.191528 1051.075562	2374.164307 -1123.064209 1050.951416	//Camera7
	2372.723877 -1122.756348 1051.075562	2373.604492 -1123.197754 1050.902954	//Camera8
	2375.346191 -1125.008789 1051.875366	2374.951660 -1124.247437 1051.360962	//Camera10
	2375.177002 -1122.703735 1051.875366	2374.648926 -1123.278564 1051.250488	//Camera11
	2374.291016 -1122.693115 1051.975342	2374.419922 -1123.336426 1051.220703	//Camera12
	2374.885010 -1124.243896 1051.975342	2374.509521 -1123.695679 1051.228027	//Camera14
	2374.889160 -1123.809692 1052.375244	2374.577637 -1123.625244 1051.443115	//Camera15
	2374.231934 -1123.313477 1052.375244	2374.316895 -1123.442383 1051.387207	//Camera16
	2374.168701 -1124.363525 1050.375732	2374.279297 -1123.532471 1050.920776	//Camera18

	Table		
	cam_pos									cam_target
	2373.360839 -1134.396972 1051.675415	2372.830078 -1133.676879 1051.228271	//
	2370.840087 -1132.937622 1051.675415	2371.658447 -1132.903564 1051.101684	//
	2371.700439 -1134.403198 1051.175537	2371.944091 -1133.470336 1050.910156	//
	2372.286865 -1133.062622 1052.975097	2372.226806 -1132.963989 1051.981811	//
	2372.265136 -1133.077148 1052.075317	2372.155029 -1132.927856 1051.092651	//
	2371.559814 -1132.563598 1052.075317	2371.843505 -1132.798461 1051.145629	//
	2372.394042 -1132.386840 1051.575439	2372.034912 -1132.926391 1050.813964	//
	2371.326904 -1130.574951 1052.475219	2371.521240 -1131.331176 1051.850463	//
	2370.883544 -1132.128417 1050.875610	2371.674316 -1132.715576 1051.048095	//
	2372.027587 -1132.840576 1051.573439	2371.727294 -1132.847900 1050.621382	//
	2371.823242 -1132.939453 1052.175292	2371.935791 -1132.936645 1051.181640	//
	2371.022216 -1133.324340 1050.775634	2371.881347 -1132.916259 1051.084472	//

	Sitdown		
	cam_pos									cam_target
	0.0 0.0 0.0								0.0 0.0 0.0								//1
	0.0 0.0 0.0								0.0 0.0 0.0								//2
	0.0 0.0 0.0								0.0 0.0 0.0								//3
	0.0 0.0 0.0								0.0 0.0 0.0								//4
	0.0 0.0 0.0								0.0 0.0 0.0								//5
	0.0 0.0 0.0								0.0 0.0 0.0								//6
	0.0 0.0 0.0								0.0 0.0 0.0								//7
	0.0 0.0 0.0								0.0 0.0 0.0								//8
	0.0 0.0 0.0								0.0 0.0 0.0								//9
	0.0 0.0 0.0								0.0 0.0 0.0								//10
	0.0 0.0 0.0								0.0 0.0 0.0								//11
	0.0 0.0 0.0								0.0 0.0 0.0								//12

	Floor		
	cam_pos									cam_target
	2372.420166 -1127.035156 1050.275757	2372.947510 -1126.270874 1050.647095	//Camera2
	2374.181152 -1126.428467 1050.275757	2373.387207 -1125.881470 1050.541016	//Camera3
	2373.715576 -1124.933472 1050.275757	2373.412598 -1125.834961 1050.584595	//Camera5
	2372.397705 -1125.032349 1050.275757	2372.967041 -1125.775879 1050.626709	//Camera6
	2374.747070 -1125.942017 1052.075317	2374.013916 -1125.972534 1051.395996	//Camera8
	2374.044922 -1128.006104 1052.075317	2373.702148 -1127.283447 1051.475220	//Camera9
	2371.197021 -1127.608887 1052.075317	2371.878418 -1127.088135 1051.560913	//Camera10
	2373.039307 -1126.253174 1053.874878	2373.122559 -1126.182495 1052.880859	//Camera11
	2373.376709 -1125.969604 1052.675171	2373.212158 -1126.054810 1051.692505	//Camera12
	2373.806152 -1125.471069 1052.075317	2373.427002 -1125.841797 1051.227417	//Camera13
	2373.976318 -1126.672607 1052.075317	2373.523193 -1126.297485 1051.266602	//Camera14
	2372.772217 -1126.347412 1051.575439	2373.018311 -1125.963135 1050.685669	//Camera15

	Bath		
	cam_pos									cam_target
	0.0 0.0 0.0								0.0 0.0 0.0								//1
	0.0 0.0 0.0								0.0 0.0 0.0								//2
	0.0 0.0 0.0								0.0 0.0 0.0								//3
	0.0 0.0 0.0								0.0 0.0 0.0								//4
	0.0 0.0 0.0								0.0 0.0 0.0								//5
	0.0 0.0 0.0								0.0 0.0 0.0								//6
	0.0 0.0 0.0								0.0 0.0 0.0								//7
	0.0 0.0 0.0								0.0 0.0 0.0								//8
	0.0 0.0 0.0								0.0 0.0 0.0								//9
	0.0 0.0 0.0								0.0 0.0 0.0								//10
	0.0 0.0 0.0								0.0 0.0 0.0								//11
	0.0 0.0 0.0								0.0 0.0 0.0								//12

	Kitchen		
	cam_pos									cam_target
	2373.668701 -1132.325684 1050.783203	2374.137207 -1131.533447 1051.174194	//Camera2
	2374.886963 -1132.178467 1050.983154	2374.164795 -1131.559570 1051.291992	//Camera3
	2374.187988 -1130.554688 1050.983154	2374.245361 -1131.533569 1051.179443	//Camera5
	2373.411133 -1130.682861 1050.583252	2373.989258 -1131.438110 1050.892090	//Camera6
	2374.891113 -1132.277588 1052.282837	2374.381348 -1131.774902 1051.584717	//Camera7
	2373.302246 -1131.620728 1052.282837	2373.911865 -1131.637817 1051.490234	//Camera10
	2373.517578 -1132.401245 1052.282837	2373.872314 -1131.868286 1051.514648	//Camera11
	2374.077148 -1131.744019 1052.482788	2374.153564 -1131.640991 1051.491089	//Camera12
	2372.630127 -1133.485352 1052.282837	2373.171143 -1132.832031 1051.753174	//Camera13
	2373.226318 -1130.066528 1052.282837	2373.628418 -1130.724731 1051.646362	//Camera14
	2374.978027 -1130.280396 1052.182861	2374.495605 -1130.930420 1051.595703	//Camera15
	2375.125977 -1132.569336 1052.182861	2374.546875 -1132.017578 1051.582764	//Camera16

	Wall		
	cam_pos									cam_target
	2369.416016 -1128.100830 1050.783203	2369.736084 -1129.010376 1051.048462	//Camera2
	2370.569092 -1128.416016 1050.783203	2369.889893 -1129.129395 1050.955688	//Camera3
	2369.840576 -1130.530151 1050.783203	2369.782227 -1129.534668 1050.858032	//Camera5
	2369.316406 -1128.518677 1050.283325	2369.776611 -1129.079224 1050.971802	//Camera7
	2370.284912 -1128.404907 1049.983398	2369.797852 -1129.015259 1050.608154	//Camera8
	2370.005859 -1128.565674 1052.082886	2369.690918 -1129.022095 1051.250732	//Camera9
	2370.280029 -1129.814453 1052.082886	2369.909424 -1129.311523 1051.302002	//Camera10
	2369.644531 -1129.139038 1052.082886	2369.579834 -1129.142822 1051.084961	//Camera11
	2369.767822 -1129.439087 1052.082886	2369.676025 -1129.178101 1051.121948	//Camera12
	2370.232422 -1130.759888 1052.082886	2369.968262 -1129.964111 1051.537842	//Camera13
	2371.042969 -1127.905151 1052.082886	2370.384277 -1128.408447 1051.523438	//Camera15
	2369.334229 -1127.337769 1052.082886	2369.369385 -1128.185059 1051.552856	//Camera17

	Foot		
	cam_pos									cam_target
	0.0 0.0 0.0								0.0 0.0 0.0								//1
	0.0 0.0 0.0								0.0 0.0 0.0								//2
	0.0 0.0 0.0								0.0 0.0 0.0								//3
	0.0 0.0 0.0								0.0 0.0 0.0								//4
	0.0 0.0 0.0								0.0 0.0 0.0								//5
	0.0 0.0 0.0								0.0 0.0 0.0								//6
	0.0 0.0 0.0								0.0 0.0 0.0								//7
	0.0 0.0 0.0								0.0 0.0 0.0								//8
	0.0 0.0 0.0								0.0 0.0 0.0								//9
	0.0 0.0 0.0								0.0 0.0 0.0								//10
	0.0 0.0 0.0								0.0 0.0 0.0								//11
	0.0 0.0 0.0								0.0 0.0 0.0								//12

Blowjob

	Bed			
	cam_pos									cam_target
	2363.495361 -1123.332397 1050.875610	2362.764893 -1122.651245 1050.825562	//Camera4
	2363.684570 -1121.867676 1050.875610	2362.811279 -1122.352417 1050.925659	//Camera5
	2363.045410 -1121.178345 1050.875610	2362.657715 -1122.091797 1050.999756	//Camera6
	2361.259521 -1121.887085 1050.875610	2361.976807 -1122.579956 1050.800781	//Camera7
	2361.279785 -1122.788574 1051.575439	2361.931885 -1122.538330 1050.859863	//Camera9
	2362.645020 -1122.738770 1052.675171	2362.505127 -1122.588745 1051.696411	//Camera10
	2361.902344 -1122.072021 1052.675171	2362.064941 -1122.203613 1051.697266	//Camera11
	2362.528320 -1122.066284 1051.675415	2362.324219 -1122.484741 1050.790405	//Camera12
	2361.763428 -1123.118896 1050.175781	2362.236572 -1122.593140 1050.882813	//Camera14
	2362.977539 -1123.132690 1050.575684	2362.540771 -1122.405884 1051.105713	//Camera15
	2363.311523 -1122.169434 1051.175537	2362.514160 -1122.629272 1050.784668	//Camera16
	2364.108398 -1120.490356 1051.475464	2363.552490 -1121.202271 1051.046387	//Camera17

	Sofa		
	cam_pos									cam_target
	2373.357666 -1124.568115 1051.275513	2373.937500 -1123.923706 1050.777100	//Camera4
	2374.942871 -1124.815674 1051.275513	2374.643311 -1123.992188 1050.793701	//Camera5
	2375.224121 -1123.734741 1051.575439	2374.615479 -1123.488892 1050.821045	//Camera6
	2374.930664 -1122.663208 1051.575439	2374.546387 -1123.090210 1050.756836	//Camera7
	2374.079834 -1122.412842 1051.575439	2374.288574 -1123.018066 1050.807251	//Camera8
	2374.450928 -1123.225342 1051.575439	2374.478516 -1123.300903 1050.578735	//Camera9
	2374.462158 -1123.513916 1052.175293	2374.434814 -1123.471924 1051.176514	//Camera10
	2374.607178 -1124.811646 1050.575684	2374.450928 -1123.824219 1050.550659	//Camera11
	2374.264648 -1124.179443 1050.975586	2374.504639 -1123.396118 1050.402222	//Camera12
	2373.695313 -1123.236206 1050.775635	2374.677979 -1123.374268 1050.651489	//Camera13
	2374.456299 -1122.260498 1050.575684	2374.456299 -1123.259277 1050.525635	//Camera14
	2373.735596 -1124.288086 1050.175781	2374.391357 -1123.609253 1050.505981	//Camera15

	Table		
	cam_pos									cam_target
	0.0 0.0 0.0								0.0 0.0 0.0								//1
	0.0 0.0 0.0								0.0 0.0 0.0								//2
	0.0 0.0 0.0								0.0 0.0 0.0								//3
	0.0 0.0 0.0								0.0 0.0 0.0								//4
	0.0 0.0 0.0								0.0 0.0 0.0								//5
	0.0 0.0 0.0								0.0 0.0 0.0								//6
	0.0 0.0 0.0								0.0 0.0 0.0								//7
	0.0 0.0 0.0								0.0 0.0 0.0								//8
	0.0 0.0 0.0								0.0 0.0 0.0								//9
	0.0 0.0 0.0								0.0 0.0 0.0								//10
	0.0 0.0 0.0								0.0 0.0 0.0								//11
	0.0 0.0 0.0								0.0 0.0 0.0								//12

	Sitdown		
	cam_pos									cam_target
	2361.257568 -1132.872925 1052.175293	2360.593506 -1132.852295 1051.427979	//
	2359.404053 -1132.374023 1051.775391	2359.727539 -1132.743408 1050.904297	//
	2359.998047 -1132.595825 1052.675171	2359.951660 -1132.625000 1051.676636	//
	2360.783691 -1132.327026 1050.675659	2359.895752 -1132.784424 1050.725708	//
	2359.209961 -1133.201050 1050.375732	2359.974609 -1132.773193 1050.857544	//
	2361.031494 -1133.537842 1050.275757	2360.308105 -1132.891479 1050.518433	//
	2360.577881 -1133.010010 1050.875610	2359.663818 -1132.607300 1050.925537	//
	2359.953613 -1132.849365 1051.675415	2360.000000 -1132.845947 1050.676514	//
	2361.001953 -1134.026733 1052.075317	2360.549072 -1133.472046 1051.377319	//
	2359.497803 -1132.797852 1051.375488	2360.186523 -1132.759155 1050.651489	//
	2358.820313 -1134.993774 1052.775146	2359.186523 -1134.378418 1052.077148	//
	2361.084717 -1133.306641 1051.275513	2360.292969 -1132.871704 1050.846558	//

	Floor		
	cam_pos									cam_target
	2373.310059 -1122.422241 1051.975342	2373.939941 -1122.946167 1051.401978	//Camera2
	2373.385498 -1124.392090 1051.975342	2374.052734 -1123.884399 1051.430298	//Camera3
	2375.989746 -1123.471436 1051.975342	2375.140381 -1123.355713 1051.460571	//Camera6
	2375.368652 -1122.533569 1051.975342	2374.784668 -1122.916382 1051.259521	//Camera7
	2373.752197 -1122.500732 1050.575684	2374.433105 -1123.199463 1050.795288	//Camera8
	2373.952393 -1124.476929 1050.375732	2374.543457 -1123.740845 1050.705811	//Camera10
	2374.453369 -1124.806152 1050.875610	2374.431396 -1123.806763 1050.850586	//Camera11
	2374.808838 -1124.392700 1051.075562	2374.495361 -1123.494751 1050.766724	//Camera12
	2373.962891 -1124.092407 1050.575684	2374.490479 -1123.271851 1050.795410	//Camera13
	2373.885742 -1123.731934 1051.675415	2374.555420 -1123.056519 1051.366699	//Camera14
	2374.386719 -1123.397339 1052.175293	2374.604736 -1123.259888 1051.209106	//Camera15
	2374.623535 -1123.208252 1052.275269	2374.522949 -1123.247314 1051.281128	//Camera17

	Bath		
	cam_pos									cam_target
	0.0 0.0 0.0								0.0 0.0 0.0								//1
	0.0 0.0 0.0								0.0 0.0 0.0								//2
	0.0 0.0 0.0								0.0 0.0 0.0								//3
	0.0 0.0 0.0								0.0 0.0 0.0								//4
	0.0 0.0 0.0								0.0 0.0 0.0								//5
	0.0 0.0 0.0								0.0 0.0 0.0								//6
	0.0 0.0 0.0								0.0 0.0 0.0								//7
	0.0 0.0 0.0								0.0 0.0 0.0								//8
	0.0 0.0 0.0								0.0 0.0 0.0								//9
	0.0 0.0 0.0								0.0 0.0 0.0								//10
	0.0 0.0 0.0								0.0 0.0 0.0								//11
	0.0 0.0 0.0								0.0 0.0 0.0								//12

	Kitchen		
	cam_pos									cam_target
	2374.594727 -1133.245850 1051.775391	2374.501709 -1132.365234 1051.310791	//Camera4
	2374.937988 -1129.902466 1051.775391	2374.491455 -1130.645386 1051.276855	//Camera5
	2372.694336 -1130.093994 1051.775391	2373.382568 -1130.651001 1051.310791	//Camera7
	2373.959473 -1131.161865 1052.175293	2374.209473 -1131.387085 1051.233643	//Camera8
	2374.740234 -1131.056519 1051.975342	2374.409668 -1131.279419 1051.058228	//Camera10
	2373.619385 -1131.092773 1051.275513	2374.580322 -1131.368408 1051.250488	//Camera11
	2373.509033 -1131.102783 1050.575684	2374.397705 -1131.517212 1050.772095	//Camera12
	2373.377197 -1131.825317 1049.975830	2374.128174 -1131.373901 1050.457764	//Camera13
	2373.880859 -1131.874390 1049.975830	2373.828613 -1131.274292 1050.774048	//Camera14
	2373.877930 -1132.256836 1050.575684	2374.130371 -1131.314575 1050.355835	//Camera15
	2374.832275 -1131.322876 1049.975830	2373.920898 -1131.354614 1050.385986	//Camera16
	2373.492188 -1130.394165 1049.975830	2373.935303 -1131.160889 1050.440430	//Camera18

	Wall		
	cam_pos									cam_target
	0.0 0.0 0.0								0.0 0.0 0.0								//1
	0.0 0.0 0.0								0.0 0.0 0.0								//2
	0.0 0.0 0.0								0.0 0.0 0.0								//3
	0.0 0.0 0.0								0.0 0.0 0.0								//4
	0.0 0.0 0.0								0.0 0.0 0.0								//5
	0.0 0.0 0.0								0.0 0.0 0.0								//6
	0.0 0.0 0.0								0.0 0.0 0.0								//7
	0.0 0.0 0.0								0.0 0.0 0.0								//8
	0.0 0.0 0.0								0.0 0.0 0.0								//9
	0.0 0.0 0.0								0.0 0.0 0.0								//10
	0.0 0.0 0.0								0.0 0.0 0.0								//11
	0.0 0.0 0.0								0.0 0.0 0.0								//12

	Foot		
	cam_pos									cam_target
	2371.675293 -1127.482544 1051.575439	2372.015381 -1126.580444 1051.310059	//Camera1
	2372.648926 -1127.721069 1051.575439	2372.659424 -1126.756958 1051.310181	//Camera2
	2374.339844 -1123.453125 1051.575439	2373.627686 -1124.102905 1051.309937	//Camera4
	2371.027588 -1123.593262 1051.575439	2371.716064 -1124.249390 1051.266602	//Camera5
	2371.900635 -1126.054810 1052.175293	2372.345947 -1125.517090 1051.459351	//Camera6
	2372.982422 -1124.785522 1052.175293	2372.668457 -1125.025513 1051.256714	//Camera8
	2372.052246 -1125.655640 1051.475464	2372.663086 -1124.864258 1051.450439	//Camera10
	2372.177246 -1125.886353 1050.875610	2372.886719 -1125.192627 1050.751465	//Camera11
	2372.702393 -1126.191040 1050.975586	2372.677979 -1125.191650 1050.950562	//Camera12
	2373.193848 -1125.759766 1050.675659	2372.656494 -1125.002563 1051.046875	//Camera13
	2373.430908 -1126.082031 1050.175781	2372.724854 -1125.385010 1050.299927	//Camera14
	2372.656250 -1125.243042 1052.075317	2372.656250 -1125.261719 1051.075439	//Camera15

ReverseSex

	Bed			
	cam_pos									cam_target
	2357.747314 -1134.289795 1051.075562	2358.314941 -1133.466919 1051.050537	//Camera2
	2360.364014 -1134.330078 1051.075562	2359.691162 -1133.593994 1051.000732	//Camera3
	2360.734375 -1132.246826 1051.075562	2359.798340 -1132.576172 1050.951416	//Camera4
	2360.103760 -1131.223145 1051.075562	2359.525879 -1132.029785 1050.951416	//Camera5
	2357.598145 -1131.264404 1051.075562	2358.186768 -1132.063232 1050.951416	//Camera6
	2357.177979 -1132.636597 1051.075562	2358.154297 -1132.767090 1050.903076	//Camera7
	2359.635986 -1133.441772 1050.575684	2358.898193 -1132.951904 1051.040161	//Camera8
	2359.610840 -1133.343262 1051.875366	2358.984863 -1132.942749 1051.206299	//Camera9
	2359.155029 -1132.715454 1051.975342	2358.764160 -1132.884399 1051.070557	//Camera10
	2358.764893 -1132.660034 1052.375244	2358.814941 -1132.735962 1051.379395	//Camera11
	2359.789307 -1132.126221 1050.375732	2359.260498 -1132.789185 1050.905640	//Camera12
	2358.014160 -1132.857544 1050.775635	2358.971924 -1132.851074 1051.063354	//Camera1

	Sofa		
	cam_pos									cam_target
	2370.950684 -1121.613403 1051.383057	2371.869629 -1121.745972 1051.011963	//Camera2
	2371.407227 -1122.853760 1051.383057	2372.163086 -1122.288452 1051.052856	//Camera3
	2372.565918 -1123.452026 1051.183105	2372.552734 -1122.476563 1050.963501	//Camera4
	2373.764404 -1123.154541 1051.183105	2373.117676 -1122.431519 1050.940308	//Camera5
	2374.104248 -1121.352539 1051.183105	2373.163818 -1121.565552 1050.917725	//Camera6
	2373.110840 -1120.933228 1051.183105	2372.634521 -1121.784668 1050.963379	//Camera7
	2372.261230 -1121.452637 1052.082886	2372.483398 -1121.797363 1051.170898	//Camera8
	2372.402832 -1122.295410 1051.882935	2372.602783 -1121.829590 1051.020996	//Camera9
	2372.719971 -1121.880371 1052.382813	2372.653320 -1121.833252 1051.386108	//Camera10
	2373.498291 -1122.521118 1050.575684	2372.768799 -1121.881592 1050.818481	//Camera11
	2371.970947 -1122.643921 1050.275757	2372.489746 -1121.985352 1050.820801	//Camera12
	2371.970215 -1121.306885 1050.375732	2372.537109 -1121.898315 1050.949097	//Camera13

	Table		
	cam_pos									cam_target
	2368.826416 -1131.872925 1050.875610	2369.775146 -1132.185059 1050.825562	//
	2371.220947 -1134.273071 1051.275513	2371.863770 -1133.539185 1051.055908	//
	2373.829590 -1133.798096 1051.275513	2373.007813 -1133.319336 1050.966797	//
	2372.715576 -1132.182251 1051.075562	2372.287842 -1133.052979 1050.832764	//
	2371.227295 -1132.889160 1051.075562	2372.191650 -1132.994019 1050.832642	//
	2371.172607 -1133.502930 1051.075562	2372.068604 -1133.070068 1050.975952	//
	2372.159424 -1133.178223 1052.375244	2372.306641 -1133.103882 1051.388916	//
	2373.610352 -1132.068848 1049.975830	2372.873291 -1132.619995 1050.366821	//
	2372.980713 -1132.563232 1052.075317	2372.552490 -1132.895386 1051.234863	//
	2372.608154 -1132.990723 1051.675415	2372.060059 -1133.007813 1050.839233	//
	2372.009277 -1133.036255 1051.775391	2372.367676 -1133.056152 1050.842041	//
	2372.602539 -1133.442871 1051.775391	2372.213135 -1133.178345 1050.893188	//

	Sitdown		
	cam_pos									cam_target
	0.0 0.0 0.0								0.0 0.0 0.0								//1
	0.0 0.0 0.0								0.0 0.0 0.0								//2
	0.0 0.0 0.0								0.0 0.0 0.0								//3
	0.0 0.0 0.0								0.0 0.0 0.0								//4
	0.0 0.0 0.0								0.0 0.0 0.0								//5
	0.0 0.0 0.0								0.0 0.0 0.0								//6
	0.0 0.0 0.0								0.0 0.0 0.0								//7
	0.0 0.0 0.0								0.0 0.0 0.0								//8
	0.0 0.0 0.0								0.0 0.0 0.0								//9
	0.0 0.0 0.0								0.0 0.0 0.0								//10
	0.0 0.0 0.0								0.0 0.0 0.0								//11
	0.0 0.0 0.0								0.0 0.0 0.0								//12

	Floor		
	cam_pos									cam_target
	2371.429443 -1127.703735 1050.783203	2372.022949 -1126.923096 1050.587036	//Camera2
	2373.920166 -1127.461548 1050.783203	2373.312256 -1126.677368 1050.659058	//Camera3
	2374.039307 -1124.813599 1050.783203	2373.355957 -1125.516724 1050.586914	//Camera4
	2372.930908 -1124.333008 1050.783203	2372.773438 -1125.305298 1050.610596	//Camera5
	2371.466797 -1124.823486 1050.783203	2372.169678 -1125.507202 1050.586792	//Camera6
	2370.810791 -1126.069580 1050.783203	2371.791260 -1126.056396 1050.586914	//Camera7
	2372.343262 -1126.274414 1051.782959	2372.595947 -1126.111816 1050.829224	//Camera8
	2372.793945 -1126.114746 1051.782959	2372.748535 -1126.080200 1050.784546	//Camera9
	2371.652588 -1125.695801 1050.183350	2372.536133 -1126.130981 1050.355835	//Camera10
	2371.538818 -1126.624878 1050.183350	2372.363281 -1126.094116 1050.379639	//Camera11
	2371.976563 -1124.880615 1050.083374	2372.419922 -1125.722046 1050.392090	//Camera12
	2371.955811 -1126.911499 1050.083374	2372.463135 -1126.106934 1050.392212	//Camera13

	Bath		
	cam_pos									cam_target
	2362.186035 -1124.076660 1050.875610	2362.379150 -1123.100586 1050.975220	//Camera2
	2363.933594 -1123.285034 1050.875610	2363.120850 -1122.711060 1050.975220	//Camera3
	2364.275146 -1121.268066 1050.875610	2363.399902 -1121.749023 1050.925537	//Camera4
	2363.320801 -1120.428711 1050.875610	2362.962158 -1121.353882 1050.999756	//Camera5
	2361.183838 -1120.882324 1050.875610	2361.818604 -1121.644897 1050.999756	//Camera6
	2362.489990 -1121.972168 1052.375244	2362.563965 -1122.101196 1051.386353	//Camera7
	2362.822266 -1122.468506 1052.175293	2362.661621 -1122.187744 1051.229126	//Camera8
	2363.374023 -1122.555664 1050.975586	2362.626709 -1122.048096 1051.404419	//Camera9
	2363.372803 -1121.846313 1050.975586	2362.649414 -1122.428467 1051.346924	//Camera10
	2363.357422 -1121.825317 1050.475708	2362.708496 -1122.259399 1051.100464	//Camera11
	2361.802979 -1121.605103 1050.675659	2362.548096 -1122.234741 1050.895264	//Camera12
	2361.857422 -1123.004517 1050.675659	2362.458984 -1122.267700 1050.984497	//Camera13

	Kitchen		
	cam_pos									cam_target
	0.0 0.0 0.0								0.0 0.0 0.0								//1
	0.0 0.0 0.0								0.0 0.0 0.0								//2
	0.0 0.0 0.0								0.0 0.0 0.0								//3
	0.0 0.0 0.0								0.0 0.0 0.0								//4
	0.0 0.0 0.0								0.0 0.0 0.0								//5
	0.0 0.0 0.0								0.0 0.0 0.0								//6
	0.0 0.0 0.0								0.0 0.0 0.0								//7
	0.0 0.0 0.0								0.0 0.0 0.0								//8
	0.0 0.0 0.0								0.0 0.0 0.0								//9
	0.0 0.0 0.0								0.0 0.0 0.0								//10
	0.0 0.0 0.0								0.0 0.0 0.0								//11
	0.0 0.0 0.0								0.0 0.0 0.0								//12

	Wall		
	cam_pos									cam_target
	2371.269531 -1126.968994 1051.675415	2370.769775 -1127.731934 1051.265259	//Camera2
	2369.623535 -1126.730835 1051.675415	2369.747070 -1127.634399 1051.265137	//Camera3
	2369.234131 -1130.848633 1051.675415	2369.563721 -1129.998413 1051.265015	//Camera4
	2371.221191 -1130.093994 1051.675415	2370.604004 -1129.472046 1051.193481	//Camera6
	2370.364502 -1127.989746 1050.775635	2369.865967 -1128.843750 1050.924072	//Camera7
	2369.543213 -1128.068359 1050.575684	2369.786621 -1128.929077 1051.022705	//Camera8
	2369.039307 -1128.327026 1050.675659	2369.802002 -1128.826904 1051.085938	//Camera9
	2369.059570 -1129.017334 1050.675659	2369.894043 -1128.781494 1051.173828	//Camera10
	2369.343750 -1129.416138 1050.675659	2369.833984 -1128.667847 1051.122681	//Camera11
	2370.336182 -1129.524536 1050.675659	2369.870605 -1128.640991 1050.725586	//Camera12
	2369.937012 -1128.955322 1052.075317	2369.846436 -1128.767944 1051.097168	//Camera13
	2369.386230 -1128.498657 1051.875366	2369.770264 -1128.846924 1051.020264	//Camera14

	Foot		
	cam_pos									cam_target
	0.0 0.0 0.0								0.0 0.0 0.0								//1
	0.0 0.0 0.0								0.0 0.0 0.0								//2
	0.0 0.0 0.0								0.0 0.0 0.0								//3
	0.0 0.0 0.0								0.0 0.0 0.0								//4
	0.0 0.0 0.0								0.0 0.0 0.0								//5
	0.0 0.0 0.0								0.0 0.0 0.0								//6
	0.0 0.0 0.0								0.0 0.0 0.0								//7
	0.0 0.0 0.0								0.0 0.0 0.0								//8
	0.0 0.0 0.0								0.0 0.0 0.0								//9
	0.0 0.0 0.0								0.0 0.0 0.0								//10
	0.0 0.0 0.0								0.0 0.0 0.0								//11
	0.0 0.0 0.0								0.0 0.0 0.0								//12

Handjob

	Bed			
	cam_pos									cam_target
	2361.267334 -1123.569336 1051.083130	2361.812500 -1122.760376 1050.863525	//Camera2
	2363.687744 -1123.683594 1051.083130	2363.062988 -1122.912842 1050.958984	//Camera4
	2364.072266 -1122.045288 1051.083130	2363.112305 -1122.320679 1051.033203	//Camera5
	2361.957275 -1120.730469 1051.083130	2362.113037 -1121.715454 1051.008301	//Camera7
	2361.068604 -1122.028076 1050.983154	2361.885742 -1122.599731 1050.908325	//Camera9
	2361.010742 -1122.891357 1050.983154	2361.876953 -1122.391724 1050.983154	//Camera10
	2362.775879 -1123.098022 1050.983154	2362.009766 -1122.455811 1050.958130	//Camera11
	2362.995361 -1122.482788 1051.183105	2362.060303 -1122.531372 1050.832153	//Camera12
	2362.616211 -1121.865112 1051.183105	2362.031006 -1122.614746 1050.874146	//Camera13
	2362.089111 -1122.526245 1052.182861	2362.032471 -1122.573853 1051.185547	//Camera15
	2361.401367 -1123.073486 1050.583252	2362.183105 -1122.657715 1051.048218	//Camera17
	2361.540283 -1122.319702 1051.483032	2362.242432 -1122.741699 1050.909424	//Camera19

	Sofa		
	cam_pos									cam_target
	2371.697266 -1120.968262 1051.475464	2372.168457 -1121.673340 1050.945435	//
	2372.806152 -1122.427490 1051.375488	2372.213379 -1121.890381 1050.775391	//
	2372.500488 -1122.824341 1050.475708	2372.158203 -1121.922974 1050.741089	//
	2371.911377 -1122.523315 1051.875366	2372.188721 -1122.098999 1051.013428	//
	2372.723145 -1120.937378 1050.575684	2372.305420 -1121.824463 1050.771973	//
	2371.590576 -1120.936768 1050.375732	2372.215088 -1121.714111 1050.450562	//
	2371.106689 -1121.890015 1051.075562	2372.010010 -1121.877319 1050.646606	//
	2373.109131 -1121.870239 1051.075562	2372.197266 -1121.866943 1050.665283	//
	2372.413086 -1122.002319 1052.075317	2372.265625 -1121.929810 1051.088867	//
	2372.268066 -1121.426758 1051.175537	2372.236084 -1122.274170 1050.645508	//
	2371.596680 -1121.245850 1050.575684	2372.327637 -1121.864624 1050.863403	//
	2371.123535 -1123.923096 1051.975342	2371.520996 -1123.239990 1051.362671	//

	Table		
	cam_pos									cam_target
	0.0 0.0 0.0								0.0 0.0 0.0								//1
	0.0 0.0 0.0								0.0 0.0 0.0								//2
	0.0 0.0 0.0								0.0 0.0 0.0								//3
	0.0 0.0 0.0								0.0 0.0 0.0								//4
	0.0 0.0 0.0								0.0 0.0 0.0								//5
	0.0 0.0 0.0								0.0 0.0 0.0								//6
	0.0 0.0 0.0								0.0 0.0 0.0								//7
	0.0 0.0 0.0								0.0 0.0 0.0								//8
	0.0 0.0 0.0								0.0 0.0 0.0								//9
	0.0 0.0 0.0								0.0 0.0 0.0								//10
	0.0 0.0 0.0								0.0 0.0 0.0								//11
	0.0 0.0 0.0								0.0 0.0 0.0								//12

	Sitdown		
	cam_pos									cam_target
	0.0 0.0 0.0								0.0 0.0 0.0								//1
	0.0 0.0 0.0								0.0 0.0 0.0								//2
	0.0 0.0 0.0								0.0 0.0 0.0								//3
	0.0 0.0 0.0								0.0 0.0 0.0								//4
	0.0 0.0 0.0								0.0 0.0 0.0								//5
	0.0 0.0 0.0								0.0 0.0 0.0								//6
	0.0 0.0 0.0								0.0 0.0 0.0								//7
	0.0 0.0 0.0								0.0 0.0 0.0								//8
	0.0 0.0 0.0								0.0 0.0 0.0								//9
	0.0 0.0 0.0								0.0 0.0 0.0								//10
	0.0 0.0 0.0								0.0 0.0 0.0								//11
	0.0 0.0 0.0								0.0 0.0 0.0								//12

	Floor		
	cam_pos									cam_target
	0.0 0.0 0.0								0.0 0.0 0.0								//1
	0.0 0.0 0.0								0.0 0.0 0.0								//2
	0.0 0.0 0.0								0.0 0.0 0.0								//3
	0.0 0.0 0.0								0.0 0.0 0.0								//4
	0.0 0.0 0.0								0.0 0.0 0.0								//5
	0.0 0.0 0.0								0.0 0.0 0.0								//6
	0.0 0.0 0.0								0.0 0.0 0.0								//7
	0.0 0.0 0.0								0.0 0.0 0.0								//8
	0.0 0.0 0.0								0.0 0.0 0.0								//9
	0.0 0.0 0.0								0.0 0.0 0.0								//10
	0.0 0.0 0.0								0.0 0.0 0.0								//11
	0.0 0.0 0.0								0.0 0.0 0.0								//12

	Bath		
	cam_pos									cam_target
	0.0 0.0 0.0								0.0 0.0 0.0								//1
	0.0 0.0 0.0								0.0 0.0 0.0								//2
	0.0 0.0 0.0								0.0 0.0 0.0								//3
	0.0 0.0 0.0								0.0 0.0 0.0								//4
	0.0 0.0 0.0								0.0 0.0 0.0								//5
	0.0 0.0 0.0								0.0 0.0 0.0								//6
	0.0 0.0 0.0								0.0 0.0 0.0								//7
	0.0 0.0 0.0								0.0 0.0 0.0								//8
	0.0 0.0 0.0								0.0 0.0 0.0								//9
	0.0 0.0 0.0								0.0 0.0 0.0								//10
	0.0 0.0 0.0								0.0 0.0 0.0								//11
	0.0 0.0 0.0								0.0 0.0 0.0								//12

	Kitchen		
	cam_pos									cam_target
	0.0 0.0 0.0								0.0 0.0 0.0								//1
	0.0 0.0 0.0								0.0 0.0 0.0								//2
	0.0 0.0 0.0								0.0 0.0 0.0								//3
	0.0 0.0 0.0								0.0 0.0 0.0								//4
	0.0 0.0 0.0								0.0 0.0 0.0								//5
	0.0 0.0 0.0								0.0 0.0 0.0								//6
	0.0 0.0 0.0								0.0 0.0 0.0								//7
	0.0 0.0 0.0								0.0 0.0 0.0								//8
	0.0 0.0 0.0								0.0 0.0 0.0								//9
	0.0 0.0 0.0								0.0 0.0 0.0								//10
	0.0 0.0 0.0								0.0 0.0 0.0								//11
	0.0 0.0 0.0								0.0 0.0 0.0								//12

	Wall		
	cam_pos									cam_target
	0.0 0.0 0.0								0.0 0.0 0.0								//1
	0.0 0.0 0.0								0.0 0.0 0.0								//2
	0.0 0.0 0.0								0.0 0.0 0.0								//3
	0.0 0.0 0.0								0.0 0.0 0.0								//4
	0.0 0.0 0.0								0.0 0.0 0.0								//5
	0.0 0.0 0.0								0.0 0.0 0.0								//6
	0.0 0.0 0.0								0.0 0.0 0.0								//7
	0.0 0.0 0.0								0.0 0.0 0.0								//8
	0.0 0.0 0.0								0.0 0.0 0.0								//9
	0.0 0.0 0.0								0.0 0.0 0.0								//10
	0.0 0.0 0.0								0.0 0.0 0.0								//11
	0.0 0.0 0.0								0.0 0.0 0.0								//12

	Foot		
	cam_pos									cam_target
	2372.046387 -1123.647583 1051.083130	2372.432617 -1122.746338 1050.886963	//Camera3
	2373.803223 -1123.205566 1051.083130	2373.088867 -1122.558228 1050.817749	//Camera4
	2374.571289 -1122.390625 1051.083130	2373.600586 -1122.251221 1050.886841	//Camera5
	2373.781982 -1121.212891 1051.083130	2373.022705 -1121.846558 1050.934692	//Camera6
	2371.551270 -1121.116821 1051.083130	2372.157471 -1121.898071 1050.934570	//Camera7
	2371.084717 -1122.155640 1051.083130	2372.059082 -1122.107422 1050.863647	//Camera8
	2372.666260 -1121.964844 1051.183105	2372.723877 -1122.820435 1050.668701	//Camera9
	2372.211182 -1122.793091 1051.483032	2372.832764 -1122.175415 1051.001099	//Camera10
	2373.291260 -1122.806519 1051.483032	2372.645752 -1122.367798 1050.857910	//Camera11
	2371.911377 -1122.771240 1050.383301	2372.725830 -1122.225098 1050.579712	//Camera12
	2373.688965 -1122.475098 1050.383301	2372.742676 -1122.218506 1050.579468	//Camera13
	2373.061523 -1122.157959 1051.982910	2372.718262 -1122.316650 1051.057129	//Camera14

Cunnilingus

	Bed			
	cam_pos									cam_target
	0.0 0.0 0.0								0.0 0.0 0.0								//1
	0.0 0.0 0.0								0.0 0.0 0.0								//2
	0.0 0.0 0.0								0.0 0.0 0.0								//3
	0.0 0.0 0.0								0.0 0.0 0.0								//4
	0.0 0.0 0.0								0.0 0.0 0.0								//5
	0.0 0.0 0.0								0.0 0.0 0.0								//6
	0.0 0.0 0.0								0.0 0.0 0.0								//7
	0.0 0.0 0.0								0.0 0.0 0.0								//8
	0.0 0.0 0.0								0.0 0.0 0.0								//9
	0.0 0.0 0.0								0.0 0.0 0.0								//10
	0.0 0.0 0.0								0.0 0.0 0.0								//11
	0.0 0.0 0.0								0.0 0.0 0.0								//12

	Sofa		
	cam_pos									cam_target
	2372.754395 -1124.290405 1052.075317	2373.351318 -1123.979980 1051.335449	//
	2372.755615 -1122.334229 1051.575439	2373.409668 -1122.874023 1051.045532	//
	2373.535400 -1123.435181 1052.975098	2373.822754 -1123.514893 1052.020630	//
	2375.149658 -1123.670776 1051.875366	2374.770752 -1123.627441 1050.950928	//
	2374.351563 -1123.600464 1051.875366	2374.473877 -1123.623169 1050.883179	//
	2373.963135 -1123.475708 1051.175537	2374.762939 -1123.482544 1050.575439	//
	2374.817627 -1122.566040 1051.075562	2374.499512 -1123.462402 1050.766724	//
	2374.577148 -1124.654175 1051.075562	2374.474609 -1123.756714 1050.646606	//
	2374.731689 -1123.368896 1052.275269	2374.673584 -1123.450439 1051.280273	//
	2374.071777 -1123.518188 1051.075562	2374.938721 -1123.510742 1050.577026	//
	2374.969482 -1124.286377 1051.175537	2374.552246 -1123.548218 1050.645508	//
	2373.105957 -1124.657837 1051.175537	2373.761719 -1124.036255 1050.746826	//

	Table		
	cam_pos									cam_target
	0.0 0.0 0.0								0.0 0.0 0.0								//1
	0.0 0.0 0.0								0.0 0.0 0.0								//2
	0.0 0.0 0.0								0.0 0.0 0.0								//3
	0.0 0.0 0.0								0.0 0.0 0.0								//4
	0.0 0.0 0.0								0.0 0.0 0.0								//5
	0.0 0.0 0.0								0.0 0.0 0.0								//6
	0.0 0.0 0.0								0.0 0.0 0.0								//7
	0.0 0.0 0.0								0.0 0.0 0.0								//8
	0.0 0.0 0.0								0.0 0.0 0.0								//9
	0.0 0.0 0.0								0.0 0.0 0.0								//10
	0.0 0.0 0.0								0.0 0.0 0.0								//11
	0.0 0.0 0.0								0.0 0.0 0.0								//12

	Sitdown		
	cam_pos									cam_target
	0.0 0.0 0.0								0.0 0.0 0.0								//1
	0.0 0.0 0.0								0.0 0.0 0.0								//2
	0.0 0.0 0.0								0.0 0.0 0.0								//3
	0.0 0.0 0.0								0.0 0.0 0.0								//4
	0.0 0.0 0.0								0.0 0.0 0.0								//5
	0.0 0.0 0.0								0.0 0.0 0.0								//6
	0.0 0.0 0.0								0.0 0.0 0.0								//7
	0.0 0.0 0.0								0.0 0.0 0.0								//8
	0.0 0.0 0.0								0.0 0.0 0.0								//9
	0.0 0.0 0.0								0.0 0.0 0.0								//10
	0.0 0.0 0.0								0.0 0.0 0.0								//11
	0.0 0.0 0.0								0.0 0.0 0.0								//12

	Floor		
	cam_pos									cam_target
	2371.688721 -1127.708984 1050.383301	2372.136230 -1126.831543 1050.210693	//Camera2
	2373.152100 -1126.458496 1050.883179	2372.352295 -1126.472168 1050.283081	//Camera4
	2373.278320 -1125.702759 1050.483276	2372.604980 -1126.353394 1050.132202	//Camera5
	2371.493652 -1125.552856 1050.483276	2372.070557 -1126.290405 1050.132446	//Camera7
	2371.506836 -1126.309204 1050.783203	2372.161865 -1126.496704 1050.051270	//Camera8
	2371.566162 -1126.801636 1050.783203	2372.174316 -1126.406494 1050.094604	//Camera9
	2372.151123 -1126.538208 1051.083130	2372.114990 -1126.464111 1050.086548	//Camera10
	2372.054932 -1126.407104 1051.083130	2372.092529 -1126.452026 1050.084839	//Camera11
	2371.765869 -1126.463379 1050.783203	2372.453857 -1126.511353 1050.059082	//Camera12
	2371.499756 -1125.895874 1049.983398	2372.257568 -1126.531250 1050.131836	//Camera14
	2372.135986 -1127.082886 1050.083374	2372.359375 -1126.119507 1050.231812	//Camera16
	2371.983643 -1126.883667 1050.583252	2371.783691 -1126.021118 1050.118530	//Camera17

	Bath		
	cam_pos									cam_target
	0.0 0.0 0.0								0.0 0.0 0.0								//1
	0.0 0.0 0.0								0.0 0.0 0.0								//2
	0.0 0.0 0.0								0.0 0.0 0.0								//3
	0.0 0.0 0.0								0.0 0.0 0.0								//4
	0.0 0.0 0.0								0.0 0.0 0.0								//5
	0.0 0.0 0.0								0.0 0.0 0.0								//6
	0.0 0.0 0.0								0.0 0.0 0.0								//7
	0.0 0.0 0.0								0.0 0.0 0.0								//8
	0.0 0.0 0.0								0.0 0.0 0.0								//9
	0.0 0.0 0.0								0.0 0.0 0.0								//10
	0.0 0.0 0.0								0.0 0.0 0.0								//11
	0.0 0.0 0.0								0.0 0.0 0.0								//12

	Kitchen		
	cam_pos									cam_target
	0.0 0.0 0.0								0.0 0.0 0.0								//1
	0.0 0.0 0.0								0.0 0.0 0.0								//2
	0.0 0.0 0.0								0.0 0.0 0.0								//3
	0.0 0.0 0.0								0.0 0.0 0.0								//4
	0.0 0.0 0.0								0.0 0.0 0.0								//5
	0.0 0.0 0.0								0.0 0.0 0.0								//6
	0.0 0.0 0.0								0.0 0.0 0.0								//7
	0.0 0.0 0.0								0.0 0.0 0.0								//8
	0.0 0.0 0.0								0.0 0.0 0.0								//9
	0.0 0.0 0.0								0.0 0.0 0.0								//10
	0.0 0.0 0.0								0.0 0.0 0.0								//11
	0.0 0.0 0.0								0.0 0.0 0.0								//12

	Wall		
	cam_pos									cam_target
	0.0 0.0 0.0								0.0 0.0 0.0								//1
	0.0 0.0 0.0								0.0 0.0 0.0								//2
	0.0 0.0 0.0								0.0 0.0 0.0								//3
	0.0 0.0 0.0								0.0 0.0 0.0								//4
	0.0 0.0 0.0								0.0 0.0 0.0								//5
	0.0 0.0 0.0								0.0 0.0 0.0								//6
	0.0 0.0 0.0								0.0 0.0 0.0								//7
	0.0 0.0 0.0								0.0 0.0 0.0								//8
	0.0 0.0 0.0								0.0 0.0 0.0								//9
	0.0 0.0 0.0								0.0 0.0 0.0								//10
	0.0 0.0 0.0								0.0 0.0 0.0								//11
	0.0 0.0 0.0								0.0 0.0 0.0								//12

	Foot		
	cam_pos									cam_target
	0.0 0.0 0.0								0.0 0.0 0.0								//1
	0.0 0.0 0.0								0.0 0.0 0.0								//2
	0.0 0.0 0.0								0.0 0.0 0.0								//3
	0.0 0.0 0.0								0.0 0.0 0.0								//4
	0.0 0.0 0.0								0.0 0.0 0.0								//5
	0.0 0.0 0.0								0.0 0.0 0.0								//6
	0.0 0.0 0.0								0.0 0.0 0.0								//7
	0.0 0.0 0.0								0.0 0.0 0.0								//8
	0.0 0.0 0.0								0.0 0.0 0.0								//9
	0.0 0.0 0.0								0.0 0.0 0.0								//10
	0.0 0.0 0.0								0.0 0.0 0.0								//11
	0.0 0.0 0.0								0.0 0.0 0.0								//12

Oral69

	Bed			
	cam_pos									cam_target
	0.0 0.0 0.0								0.0 0.0 0.0								//1
	0.0 0.0 0.0								0.0 0.0 0.0								//2
	0.0 0.0 0.0								0.0 0.0 0.0								//3
	0.0 0.0 0.0								0.0 0.0 0.0								//4
	0.0 0.0 0.0								0.0 0.0 0.0								//5
	0.0 0.0 0.0								0.0 0.0 0.0								//6
	0.0 0.0 0.0								0.0 0.0 0.0								//7
	0.0 0.0 0.0								0.0 0.0 0.0								//8
	0.0 0.0 0.0								0.0 0.0 0.0								//9
	0.0 0.0 0.0								0.0 0.0 0.0								//10
	0.0 0.0 0.0								0.0 0.0 0.0								//11
	0.0 0.0 0.0								0.0 0.0 0.0								//12

	Sofa		
	cam_pos									cam_target
	2371.349365 -1124.773193 1050.883179	2370.755371 -1124.013794 1050.617920	//Camera1
	2372.231201 -1123.943481 1050.883179	2371.294189 -1123.692383 1050.640381	//Camera2
	2371.734131 -1122.294067 1050.883179	2370.994873 -1122.892456 1050.574463	//Camera3
	2370.624023 -1122.419800 1051.083130	2370.592285 -1123.313721 1050.635864	//Camera4
	2369.946289 -1123.078857 1051.283081	2370.536133 -1123.590942 1050.658569	//Camera5
	2370.186523 -1124.439209 1051.283081	2370.632813 -1123.867798 1050.594360	//Camera6
	2370.594238 -1123.819946 1051.682983	2370.594238 -1123.687866 1050.691772	//Camera7
	2370.627686 -1123.510498 1052.282837	2370.535400 -1123.507324 1051.287109	//Camera8
	2370.231689 -1123.557373 1051.483032	2370.620361 -1123.883179 1050.621216	//Camera9
	2370.298340 -1123.317627 1051.483032	2370.584717 -1123.272339 1050.526001	//Camera10
	2371.240479 -1123.377319 1050.083374	2370.546631 -1123.616211 1050.762817	//Camera11
	2371.184326 -1124.586182 1050.083374	2370.738281 -1123.899048 1050.656982	//Camera12

	Table		
	cam_pos									cam_target
	0.0 0.0 0.0								0.0 0.0 0.0								//1
	0.0 0.0 0.0								0.0 0.0 0.0								//2
	0.0 0.0 0.0								0.0 0.0 0.0								//3
	0.0 0.0 0.0								0.0 0.0 0.0								//4
	0.0 0.0 0.0								0.0 0.0 0.0								//5
	0.0 0.0 0.0								0.0 0.0 0.0								//6
	0.0 0.0 0.0								0.0 0.0 0.0								//7
	0.0 0.0 0.0								0.0 0.0 0.0								//8
	0.0 0.0 0.0								0.0 0.0 0.0								//9
	0.0 0.0 0.0								0.0 0.0 0.0								//10
	0.0 0.0 0.0								0.0 0.0 0.0								//11
	0.0 0.0 0.0								0.0 0.0 0.0								//12

	Sitdown		
	cam_pos									cam_target
	0.0 0.0 0.0								0.0 0.0 0.0								//1
	0.0 0.0 0.0								0.0 0.0 0.0								//2
	0.0 0.0 0.0								0.0 0.0 0.0								//3
	0.0 0.0 0.0								0.0 0.0 0.0								//4
	0.0 0.0 0.0								0.0 0.0 0.0								//5
	0.0 0.0 0.0								0.0 0.0 0.0								//6
	0.0 0.0 0.0								0.0 0.0 0.0								//7
	0.0 0.0 0.0								0.0 0.0 0.0								//8
	0.0 0.0 0.0								0.0 0.0 0.0								//9
	0.0 0.0 0.0								0.0 0.0 0.0								//10
	0.0 0.0 0.0								0.0 0.0 0.0								//11
	0.0 0.0 0.0								0.0 0.0 0.0								//12

	Floor		
	cam_pos									cam_target
	0.0 0.0 0.0								0.0 0.0 0.0								//1
	0.0 0.0 0.0								0.0 0.0 0.0								//2
	0.0 0.0 0.0								0.0 0.0 0.0								//3
	0.0 0.0 0.0								0.0 0.0 0.0								//4
	0.0 0.0 0.0								0.0 0.0 0.0								//5
	0.0 0.0 0.0								0.0 0.0 0.0								//6
	0.0 0.0 0.0								0.0 0.0 0.0								//7
	0.0 0.0 0.0								0.0 0.0 0.0								//8
	0.0 0.0 0.0								0.0 0.0 0.0								//9
	0.0 0.0 0.0								0.0 0.0 0.0								//10
	0.0 0.0 0.0								0.0 0.0 0.0								//11
	0.0 0.0 0.0								0.0 0.0 0.0								//12

	Bath		
	cam_pos									cam_target
	0.0 0.0 0.0								0.0 0.0 0.0								//1
	0.0 0.0 0.0								0.0 0.0 0.0								//2
	0.0 0.0 0.0								0.0 0.0 0.0								//3
	0.0 0.0 0.0								0.0 0.0 0.0								//4
	0.0 0.0 0.0								0.0 0.0 0.0								//5
	0.0 0.0 0.0								0.0 0.0 0.0								//6
	0.0 0.0 0.0								0.0 0.0 0.0								//7
	0.0 0.0 0.0								0.0 0.0 0.0								//8
	0.0 0.0 0.0								0.0 0.0 0.0								//9
	0.0 0.0 0.0								0.0 0.0 0.0								//10
	0.0 0.0 0.0								0.0 0.0 0.0								//11
	0.0 0.0 0.0								0.0 0.0 0.0								//12

	Kitchen		
	cam_pos									cam_target
	0.0 0.0 0.0								0.0 0.0 0.0								//1
	0.0 0.0 0.0								0.0 0.0 0.0								//2
	0.0 0.0 0.0								0.0 0.0 0.0								//3
	0.0 0.0 0.0								0.0 0.0 0.0								//4
	0.0 0.0 0.0								0.0 0.0 0.0								//5
	0.0 0.0 0.0								0.0 0.0 0.0								//6
	0.0 0.0 0.0								0.0 0.0 0.0								//7
	0.0 0.0 0.0								0.0 0.0 0.0								//8
	0.0 0.0 0.0								0.0 0.0 0.0								//9
	0.0 0.0 0.0								0.0 0.0 0.0								//10
	0.0 0.0 0.0								0.0 0.0 0.0								//11
	0.0 0.0 0.0								0.0 0.0 0.0								//12

	Wall		
	cam_pos									cam_target
	0.0 0.0 0.0								0.0 0.0 0.0								//1
	0.0 0.0 0.0								0.0 0.0 0.0								//2
	0.0 0.0 0.0								0.0 0.0 0.0								//3
	0.0 0.0 0.0								0.0 0.0 0.0								//4
	0.0 0.0 0.0								0.0 0.0 0.0								//5
	0.0 0.0 0.0								0.0 0.0 0.0								//6
	0.0 0.0 0.0								0.0 0.0 0.0								//7
	0.0 0.0 0.0								0.0 0.0 0.0								//8
	0.0 0.0 0.0								0.0 0.0 0.0								//9
	0.0 0.0 0.0								0.0 0.0 0.0								//10
	0.0 0.0 0.0								0.0 0.0 0.0								//11
	0.0 0.0 0.0								0.0 0.0 0.0								//12

	Foot		
	cam_pos									cam_target
	0.0 0.0 0.0								0.0 0.0 0.0								//1
	0.0 0.0 0.0								0.0 0.0 0.0								//2
	0.0 0.0 0.0								0.0 0.0 0.0								//3
	0.0 0.0 0.0								0.0 0.0 0.0								//4
	0.0 0.0 0.0								0.0 0.0 0.0								//5
	0.0 0.0 0.0								0.0 0.0 0.0								//6
	0.0 0.0 0.0								0.0 0.0 0.0								//7
	0.0 0.0 0.0								0.0 0.0 0.0								//8
	0.0 0.0 0.0								0.0 0.0 0.0								//9
	0.0 0.0 0.0								0.0 0.0 0.0								//10
	0.0 0.0 0.0								0.0 0.0 0.0								//11
	0.0 0.0 0.0								0.0 0.0 0.0								//12

Titjob

	Bed			
	cam_pos									cam_target
	0.0 0.0 0.0								0.0 0.0 0.0								//1
	0.0 0.0 0.0								0.0 0.0 0.0								//2
	0.0 0.0 0.0								0.0 0.0 0.0								//3
	0.0 0.0 0.0								0.0 0.0 0.0								//4
	0.0 0.0 0.0								0.0 0.0 0.0								//5
	0.0 0.0 0.0								0.0 0.0 0.0								//6
	0.0 0.0 0.0								0.0 0.0 0.0								//7
	0.0 0.0 0.0								0.0 0.0 0.0								//8
	0.0 0.0 0.0								0.0 0.0 0.0								//9
	0.0 0.0 0.0								0.0 0.0 0.0								//10
	0.0 0.0 0.0								0.0 0.0 0.0								//11
	0.0 0.0 0.0								0.0 0.0 0.0								//12

	Sofa		
	cam_pos									cam_target
	0.0 0.0 0.0								0.0 0.0 0.0								//1
	0.0 0.0 0.0								0.0 0.0 0.0								//2
	0.0 0.0 0.0								0.0 0.0 0.0								//3
	0.0 0.0 0.0								0.0 0.0 0.0								//4
	0.0 0.0 0.0								0.0 0.0 0.0								//5
	0.0 0.0 0.0								0.0 0.0 0.0								//6
	0.0 0.0 0.0								0.0 0.0 0.0								//7
	0.0 0.0 0.0								0.0 0.0 0.0								//8
	0.0 0.0 0.0								0.0 0.0 0.0								//9
	0.0 0.0 0.0								0.0 0.0 0.0								//10
	0.0 0.0 0.0								0.0 0.0 0.0								//11
	0.0 0.0 0.0								0.0 0.0 0.0								//12

	Table		
	cam_pos									cam_target
	0.0 0.0 0.0								0.0 0.0 0.0								//1
	0.0 0.0 0.0								0.0 0.0 0.0								//2
	0.0 0.0 0.0								0.0 0.0 0.0								//3
	0.0 0.0 0.0								0.0 0.0 0.0								//4
	0.0 0.0 0.0								0.0 0.0 0.0								//5
	0.0 0.0 0.0								0.0 0.0 0.0								//6
	0.0 0.0 0.0								0.0 0.0 0.0								//7
	0.0 0.0 0.0								0.0 0.0 0.0								//8
	0.0 0.0 0.0								0.0 0.0 0.0								//9
	0.0 0.0 0.0								0.0 0.0 0.0								//10
	0.0 0.0 0.0								0.0 0.0 0.0								//11
	0.0 0.0 0.0								0.0 0.0 0.0								//12

	Sitdown		
	cam_pos									cam_target
	2362.634766 -1123.508545 1051.175537	2363.260254 -1122.783203 1050.887939	//Camera2
	2363.593506 -1123.697632 1051.175537	2363.572266 -1122.733765 1050.910156	//Camera3
	2364.418945 -1123.358276 1051.175537	2363.852783 -1122.585815 1050.887817	//Camera4
	2364.528564 -1121.443359 1051.175537	2363.890381 -1122.157471 1050.887939	//Camera5
	2363.416260 -1121.401123 1051.175537	2363.520264 -1122.353271 1050.887939	//Camera6
	2362.632813 -1121.773315 1051.175537	2363.347900 -1122.389404 1050.845581	//Camera7
	2362.302490 -1122.226318 1051.175537	2363.244629 -1122.456787 1050.932617	//Camera8
	2364.455078 -1122.950439 1050.375732	2363.767334 -1122.378418 1050.822754	//Camera9
	2364.185791 -1122.505859 1051.775391	2363.583496 -1122.518677 1050.977173	//Camera10
	2363.157715 -1122.313843 1051.575439	2363.710449 -1122.604736 1050.794556	//Camera11
	2363.271484 -1122.686768 1051.975342	2363.448730 -1122.587524 1050.996216	//Camera12
	2362.908691 -1122.515747 1051.175537	2363.905762 -1122.528564 1051.100708	//Camera1

	Floor		
	cam_pos									cam_target
	0.0 0.0 0.0								0.0 0.0 0.0								//1
	0.0 0.0 0.0								0.0 0.0 0.0								//2
	0.0 0.0 0.0								0.0 0.0 0.0								//3
	0.0 0.0 0.0								0.0 0.0 0.0								//4
	0.0 0.0 0.0								0.0 0.0 0.0								//5
	0.0 0.0 0.0								0.0 0.0 0.0								//6
	0.0 0.0 0.0								0.0 0.0 0.0								//7
	0.0 0.0 0.0								0.0 0.0 0.0								//8
	0.0 0.0 0.0								0.0 0.0 0.0								//9
	0.0 0.0 0.0								0.0 0.0 0.0								//10
	0.0 0.0 0.0								0.0 0.0 0.0								//11
	0.0 0.0 0.0								0.0 0.0 0.0								//12

	Bath		
	cam_pos									cam_target
	0.0 0.0 0.0								0.0 0.0 0.0								//1
	0.0 0.0 0.0								0.0 0.0 0.0								//2
	0.0 0.0 0.0								0.0 0.0 0.0								//3
	0.0 0.0 0.0								0.0 0.0 0.0								//4
	0.0 0.0 0.0								0.0 0.0 0.0								//5
	0.0 0.0 0.0								0.0 0.0 0.0								//6
	0.0 0.0 0.0								0.0 0.0 0.0								//7
	0.0 0.0 0.0								0.0 0.0 0.0								//8
	0.0 0.0 0.0								0.0 0.0 0.0								//9
	0.0 0.0 0.0								0.0 0.0 0.0								//10
	0.0 0.0 0.0								0.0 0.0 0.0								//11
	0.0 0.0 0.0								0.0 0.0 0.0								//12

	Kitchen		
	cam_pos									cam_target
	0.0 0.0 0.0								0.0 0.0 0.0								//1
	0.0 0.0 0.0								0.0 0.0 0.0								//2
	0.0 0.0 0.0								0.0 0.0 0.0								//3
	0.0 0.0 0.0								0.0 0.0 0.0								//4
	0.0 0.0 0.0								0.0 0.0 0.0								//5
	0.0 0.0 0.0								0.0 0.0 0.0								//6
	0.0 0.0 0.0								0.0 0.0 0.0								//7
	0.0 0.0 0.0								0.0 0.0 0.0								//8
	0.0 0.0 0.0								0.0 0.0 0.0								//9
	0.0 0.0 0.0								0.0 0.0 0.0								//10
	0.0 0.0 0.0								0.0 0.0 0.0								//11
	0.0 0.0 0.0								0.0 0.0 0.0								//12

	Wall		
	cam_pos									cam_target
	0.0 0.0 0.0								0.0 0.0 0.0								//1
	0.0 0.0 0.0								0.0 0.0 0.0								//2
	0.0 0.0 0.0								0.0 0.0 0.0								//3
	0.0 0.0 0.0								0.0 0.0 0.0								//4
	0.0 0.0 0.0								0.0 0.0 0.0								//5
	0.0 0.0 0.0								0.0 0.0 0.0								//6
	0.0 0.0 0.0								0.0 0.0 0.0								//7
	0.0 0.0 0.0								0.0 0.0 0.0								//8
	0.0 0.0 0.0								0.0 0.0 0.0								//9
	0.0 0.0 0.0								0.0 0.0 0.0								//10
	0.0 0.0 0.0								0.0 0.0 0.0								//11
	0.0 0.0 0.0								0.0 0.0 0.0								//12

	Foot		
	cam_pos									cam_target
	0.0 0.0 0.0								0.0 0.0 0.0								//1
	0.0 0.0 0.0								0.0 0.0 0.0								//2
	0.0 0.0 0.0								0.0 0.0 0.0								//3
	0.0 0.0 0.0								0.0 0.0 0.0								//4
	0.0 0.0 0.0								0.0 0.0 0.0								//5
	0.0 0.0 0.0								0.0 0.0 0.0								//6
	0.0 0.0 0.0								0.0 0.0 0.0								//7
	0.0 0.0 0.0								0.0 0.0 0.0								//8
	0.0 0.0 0.0								0.0 0.0 0.0								//9
	0.0 0.0 0.0								0.0 0.0 0.0								//10
	0.0 0.0 0.0								0.0 0.0 0.0								//11
	0.0 0.0 0.0								0.0 0.0 0.0								//12

Footjob

	Bed			
	cam_pos									cam_target
	0.0 0.0 0.0								0.0 0.0 0.0								//1
	0.0 0.0 0.0								0.0 0.0 0.0								//2
	0.0 0.0 0.0								0.0 0.0 0.0								//3
	0.0 0.0 0.0								0.0 0.0 0.0								//4
	0.0 0.0 0.0								0.0 0.0 0.0								//5
	0.0 0.0 0.0								0.0 0.0 0.0								//6
	0.0 0.0 0.0								0.0 0.0 0.0								//7
	0.0 0.0 0.0								0.0 0.0 0.0								//8
	0.0 0.0 0.0								0.0 0.0 0.0								//9
	0.0 0.0 0.0								0.0 0.0 0.0								//10
	0.0 0.0 0.0								0.0 0.0 0.0								//11
	0.0 0.0 0.0								0.0 0.0 0.0								//12

	Sofa		
	cam_pos									cam_target
	2372.802002 -1123.304077 1051.275513	2372.738037 -1122.385986 1050.884399	//Camera2
	2374.245361 -1122.595215 1051.275513	2373.441162 -1122.203003 1050.828735	//Camera3
	2373.791260 -1120.939697 1051.275513	2373.150391 -1121.537231 1050.793579	//Camera4
	2372.261230 -1120.491577 1051.575439	2372.468262 -1121.264160 1050.975220	//Camera5
	2371.634766 -1121.434692 1051.375488	2372.373291 -1121.811035 1050.816040	//Camera6
	2371.572266 -1122.167603 1051.175537	2372.364014 -1121.863770 1050.645630	//Camera7
	2371.837646 -1122.905640 1051.175537	2372.360840 -1122.158691 1050.765259	//Camera8
	2372.692139 -1122.266235 1052.175293	2372.675537 -1122.075439 1051.193848	//Camera9
	2372.735596 -1121.715942 1052.475220	2372.693604 -1121.746460 1051.476563	//Camera10
	2372.511719 -1121.551758 1052.475220	2372.535400 -1121.598145 1051.476563	//Camera11
	2373.522705 -1122.230347 1050.575684	2372.723633 -1121.690796 1050.841064	//Camera12
	2371.614990 -1121.279297 1050.475708	2372.385254 -1121.859131 1050.740967	//Camera13

	Table		
	cam_pos									cam_target
	0.0 0.0 0.0								0.0 0.0 0.0								//1
	0.0 0.0 0.0								0.0 0.0 0.0								//2
	0.0 0.0 0.0								0.0 0.0 0.0								//3
	0.0 0.0 0.0								0.0 0.0 0.0								//4
	0.0 0.0 0.0								0.0 0.0 0.0								//5
	0.0 0.0 0.0								0.0 0.0 0.0								//6
	0.0 0.0 0.0								0.0 0.0 0.0								//7
	0.0 0.0 0.0								0.0 0.0 0.0								//8
	0.0 0.0 0.0								0.0 0.0 0.0								//9
	0.0 0.0 0.0								0.0 0.0 0.0								//10
	0.0 0.0 0.0								0.0 0.0 0.0								//11
	0.0 0.0 0.0								0.0 0.0 0.0								//12

	Sitdown		
	cam_pos									cam_target
	0.0 0.0 0.0								0.0 0.0 0.0								//1
	0.0 0.0 0.0								0.0 0.0 0.0								//2
	0.0 0.0 0.0								0.0 0.0 0.0								//3
	0.0 0.0 0.0								0.0 0.0 0.0								//4
	0.0 0.0 0.0								0.0 0.0 0.0								//5
	0.0 0.0 0.0								0.0 0.0 0.0								//6
	0.0 0.0 0.0								0.0 0.0 0.0								//7
	0.0 0.0 0.0								0.0 0.0 0.0								//8
	0.0 0.0 0.0								0.0 0.0 0.0								//9
	0.0 0.0 0.0								0.0 0.0 0.0								//10
	0.0 0.0 0.0								0.0 0.0 0.0								//11
	0.0 0.0 0.0								0.0 0.0 0.0								//12

	Floor		
	cam_pos									cam_target
	0.0 0.0 0.0								0.0 0.0 0.0								//1
	0.0 0.0 0.0								0.0 0.0 0.0								//2
	0.0 0.0 0.0								0.0 0.0 0.0								//3
	0.0 0.0 0.0								0.0 0.0 0.0								//4
	0.0 0.0 0.0								0.0 0.0 0.0								//5
	0.0 0.0 0.0								0.0 0.0 0.0								//6
	0.0 0.0 0.0								0.0 0.0 0.0								//7
	0.0 0.0 0.0								0.0 0.0 0.0								//8
	0.0 0.0 0.0								0.0 0.0 0.0								//9
	0.0 0.0 0.0								0.0 0.0 0.0								//10
	0.0 0.0 0.0								0.0 0.0 0.0								//11
	0.0 0.0 0.0								0.0 0.0 0.0								//12

	Bath		
	cam_pos									cam_target
	0.0 0.0 0.0								0.0 0.0 0.0								//1
	0.0 0.0 0.0								0.0 0.0 0.0								//2
	0.0 0.0 0.0								0.0 0.0 0.0								//3
	0.0 0.0 0.0								0.0 0.0 0.0								//4
	0.0 0.0 0.0								0.0 0.0 0.0								//5
	0.0 0.0 0.0								0.0 0.0 0.0								//6
	0.0 0.0 0.0								0.0 0.0 0.0								//7
	0.0 0.0 0.0								0.0 0.0 0.0								//8
	0.0 0.0 0.0								0.0 0.0 0.0								//9
	0.0 0.0 0.0								0.0 0.0 0.0								//10
	0.0 0.0 0.0								0.0 0.0 0.0								//11
	0.0 0.0 0.0								0.0 0.0 0.0								//12

	Kitchen		
	cam_pos									cam_target
	0.0 0.0 0.0								0.0 0.0 0.0								//1
	0.0 0.0 0.0								0.0 0.0 0.0								//2
	0.0 0.0 0.0								0.0 0.0 0.0								//3
	0.0 0.0 0.0								0.0 0.0 0.0								//4
	0.0 0.0 0.0								0.0 0.0 0.0								//5
	0.0 0.0 0.0								0.0 0.0 0.0								//6
	0.0 0.0 0.0								0.0 0.0 0.0								//7
	0.0 0.0 0.0								0.0 0.0 0.0								//8
	0.0 0.0 0.0								0.0 0.0 0.0								//9
	0.0 0.0 0.0								0.0 0.0 0.0								//10
	0.0 0.0 0.0								0.0 0.0 0.0								//11
	0.0 0.0 0.0								0.0 0.0 0.0								//12

	Wall		
	cam_pos									cam_target
	0.0 0.0 0.0								0.0 0.0 0.0								//1
	0.0 0.0 0.0								0.0 0.0 0.0								//2
	0.0 0.0 0.0								0.0 0.0 0.0								//3
	0.0 0.0 0.0								0.0 0.0 0.0								//4
	0.0 0.0 0.0								0.0 0.0 0.0								//5
	0.0 0.0 0.0								0.0 0.0 0.0								//6
	0.0 0.0 0.0								0.0 0.0 0.0								//7
	0.0 0.0 0.0								0.0 0.0 0.0								//8
	0.0 0.0 0.0								0.0 0.0 0.0								//9
	0.0 0.0 0.0								0.0 0.0 0.0								//10
	0.0 0.0 0.0								0.0 0.0 0.0								//11
	0.0 0.0 0.0								0.0 0.0 0.0								//12

	Foot		
	cam_pos									cam_target
	0.0 0.0 0.0								0.0 0.0 0.0								//1
	0.0 0.0 0.0								0.0 0.0 0.0								//2
	0.0 0.0 0.0								0.0 0.0 0.0								//3
	0.0 0.0 0.0								0.0 0.0 0.0								//4
	0.0 0.0 0.0								0.0 0.0 0.0								//5
	0.0 0.0 0.0								0.0 0.0 0.0								//6
	0.0 0.0 0.0								0.0 0.0 0.0								//7
	0.0 0.0 0.0								0.0 0.0 0.0								//8
	0.0 0.0 0.0								0.0 0.0 0.0								//9
	0.0 0.0 0.0								0.0 0.0 0.0								//10
	0.0 0.0 0.0								0.0 0.0 0.0								//11
	0.0 0.0 0.0								0.0 0.0 0.0								//12

ActorsCoordinates

SVLAMD

			SexCoitus
			fem_xyz									fem_angle		male_xyz								male_angle
Bed			2358.946289 -1132.789917 1049.855347	90.0			2358.735352 -1132.803345 1049.675293	90.0
Sofa		2374.267822 -1123.554688 1049.805420	270.0			2374.386230 -1123.556152 1049.675293	-90.0
Table		2372.198 -1132.888 1049.775				-90.0			2372.195 -1132.905 1049.825				-90.0
Sitdown		0.0 0.0 0.0								0.0				0.0 0.0 0.0								0.0
Floor		2373.205322 -1126.033936 1049.555420	-90.0			2372.905518 -1126.023926 1049.475342	-90.0
Bath		0.0 0.0 0.0								0.0				0.0 0.0 0.0								0.0
Kitchen		2374.268066 -1131.571045 1049.975220	90.0			2374.015137 -1131.575562 1049.925293	90.0
Wall		2369.647461 -1129.161133 1049.875122	-90.0			2369.757568 -1129.161133 1049.875122	-90.0
Foot		0.0 0.0 0.0								0.0				0.0 0.0 0.0								0.0

			Blowjob
			fem_xyz									fem_angle		male_xyz								male_angle
Bed			2362.801514 -1122.472900 1049.895142	90.0			2362.246582 -1122.476685 1049.875244	90.0
Sofa		2374.570801 -1123.796509 1049.625366	270.0			2374.519531 -1123.158203 1049.475342	-90.0
Table		0.0 0.0 0.0								0.0				0.0 0.0 0.0								0.0
Sitdown		2359.824 -1132.73 1049.635				90.0			2359.758 -1132.749 1049.665				90.0
Floor		2374.494141 -1123.936768 1049.775269	0.0				2374.494141 -1123.224121 1049.975220	0.0
Bath		0.0 0.0 0.0								0.0				0.0 0.0 0.0								0.0
Kitchen		2373.919434 -1131.388306 1049.325317	-90.0			2374.219727 -1131.390015 1049.895264	-90.0
Wall		0.0 0.0 0.0								0.0				0.0 0.0 0.0								0.0
Foot		2372.697998 -1125.624634 1049.845337	180.0			2372.679688 -1124.909058 1049.935303	0.0

			ReverseSex
			fem_xyz									fem_angle		male_xyz								male_angle
Bed			2359.059326 -1132.759766 1048.975464	90.0			2358.939209 -1132.706665 1048.875488	90.0
Sofa		2372.65 -1121.592871 1048.975464		0.0				2372.709961 -1121.692871 1048.975464	0.0
Table		2372.688 -1132.955 1049.905				-90.0			2372.681 -1133.057 1049.975				-90.0
Sitdown		0.0 0.0 0.0								0.0				0.0 0.0 0.0								0.0
Floor		2372.755371 -1125.993896 1049.475342	-90.0			2372.905518 -1126.023926 1049.475342	-90.0
Bath		2362.56 -1122.103271 1049.575317		90.0			2362.493896 -1122.103271 1049.575317	90.0
Kitchen		0.0 0.0 0.0								0.0				0.0 0.0 0.0								0.0
Wall		2370.270752 -1128.774536 1048.875439	270.0			2370.299561 -1128.835815 1048.875439	270.0
Foot		0.0 0.0 0.0								0.0				0.0 0.0 0.0								0.0

			Handjob
			fem_xyz									fem_angle		male_xyz								male_angle
Bed			2362.458740 -1122.499878 1049.775269	90.0			2361.908447 -1122.499878 1049.775269	90.0
Sofa		2372.3 -1121.857 1049.415				0.0				2372.317 -1121.818 1049.475				0.0
Table		0.0 0.0 0.0								0.0				0.0 0.0 0.0								0.0
Sitdown		0.0 0.0 0.0								0.0				0.0 0.0 0.0								0.0
Floor		0.0 0.0 0.0								0.0				0.0 0.0 0.0								0.0
Bath		0.0 0.0 0.0								0.0				0.0 0.0 0.0								0.0
Kitchen		0.0 0.0 0.0								0.0				0.0 0.0 0.0								0.0
Wall		0.0 0.0 0.0								0.0				0.0 0.0 0.0								0.0
Foot		2372.667725 -1121.716553 1049.425415	0.0				2372.695557 -1122.412842 1049.875244	0.0

			Cunnilingus
			fem_xyz									fem_angle		male_xyz								male_angle
Bed			0.0 0.0 0.0								0.0				0.0 0.0 0.0								0.0
Sofa		2374.48 -1123.599 1049.475				-90.0			2374.523 -1123.617 1049.535				-90.0
Table		0.0 0.0 0.0								0.0				0.0 0.0 0.0								0.0
Sitdown		0.0 0.0 0.0								0.0				0.0 0.0 0.0								0.0
Floor		2372.276367 -1126.481812 1049.075439	90.0			2372.923828 -1126.484497 1049.435425	90.0
Bath		0.0 0.0 0.0								0.0				0.0 0.0 0.0								0.0
Kitchen		0.0 0.0 0.0								0.0				0.0 0.0 0.0								0.0
Wall		0.0 0.0 0.0								0.0				0.0 0.0 0.0								0.0
Foot		0.0 0.0 0.0								0.0				0.0 0.0 0.0								0.0

			Oral69
			fem_xyz									fem_angle		male_xyz								male_angle
Bed			0.0 0.0 0.0								0.0				0.0 0.0 0.0								0.0
Sofa		2370.628906 -1123.881958 1049.745239	90.0			2370.578369 -1123.440063 1049.475342	90.0
Table		0.0 0.0 0.0								0.0				0.0 0.0 0.0								0.0
Sitdown		0.0 0.0 0.0								0.0				0.0 0.0 0.0								0.0
Floor		0.0 0.0 0.0								0.0				0.0 0.0 0.0								0.0
Bath		0.0 0.0 0.0								0.0				0.0 0.0 0.0								0.0
Kitchen		0.0 0.0 0.0								0.0				0.0 0.0 0.0								0.0
Wall		0.0 0.0 0.0								0.0				0.0 0.0 0.0								0.0
Foot		0.0 0.0 0.0								0.0				0.0 0.0 0.0								0.0

			Titjob
			fem_xyz									fem_angle		male_xyz								male_angle
Bed			0.0 0.0 0.0								0.0				0.0 0.0 0.0								0.0
Sofa		0.0 0.0 0.0								0.0				0.0 0.0 0.0								0.0
Table		0.0 0.0 0.0								0.0				0.0 0.0 0.0								0.0
Sitdown		2363.973145 -1122.475464 1049.605347	90.0			2363.566162 -1122.478760 1049.775269	90.0
Floor		0.0 0.0 0.0								0.0				0.0 0.0 0.0								0.0
Bath		0.0 0.0 0.0								0.0				0.0 0.0 0.0								0.0
Kitchen		0.0 0.0 0.0								0.0				0.0 0.0 0.0								0.0
Wall		0.0 0.0 0.0								0.0				0.0 0.0 0.0								0.0
Foot		0.0 0.0 0.0								0.0				0.0 0.0 0.0								0.0

			Footjob
			fem_xyz									fem_angle		male_xyz								male_angle
Bed			0.0 0.0 0.0								0.0				0.0 0.0 0.0								0.0
Sofa		2372.270508 -1121.804321 1049.475342	0.0				2372.970459 -1121.804321 1049.475342	0.0
Table		0.0 0.0 0.0								0.0				0.0 0.0 0.0								0.0
Sitdown		0.0 0.0 0.0								0.0				0.0 0.0 0.0								0.0
Floor		0.0 0.0 0.0								0.0				0.0 0.0 0.0								0.0
Bath		0.0 0.0 0.0								0.0				0.0 0.0 0.0								0.0
Kitchen		0.0 0.0 0.0								0.0				0.0 0.0 0.0								0.0
Wall		0.0 0.0 0.0								0.0				0.0 0.0 0.0								0.0
Foot		0.0 0.0 0.0								0.0				0.0 0.0 0.0								0.0
